ID,RiskScore
18001,65.16081527605651
18002,57.73742471544982
18003,38.17684719915315
18004,30.90456739854267
18005,63.95328280515106
18006,52.430049039669356
18007,64.19089994208474
18008,38.8653835737759
18009,43.947743009208104
18010,61.493134959996425
18011,72.46833063799863
18012,39.024675366390994
18013,89.1798090663633
18014,50.045415125399586
18015,45.746839508234025
18016,58.592992567986514
18017,73.46118722179006
18018,71.60410009031675
18019,63.388767423815864
18020,36.10739678923646
18021,73.00612073920675
18022,30.626987993301295
18023,57.80906297583297
18024,43.29687240304596
18025,77.13795790309095
18026,34.115620005465885
18027,81.84087783755187
18028,50.5800268998236
18029,79.4685961196557
18030,89.35738384501332
18031,43.655568674502796
18032,64.69221950181154
18033,61.073246286094985
18034,49.33859816465874
18035,48.530350692811076
18036,36.172759115336525
18037,41.88805076058053
18038,53.116347265364496
18039,58.66622716833854
18040,54.301828243485964
18041,43.886659570854405
18042,32.785588179728435
18043,70.82371319833248
18044,33.12931224891054
18045,31.37343148758773
18046,71.07910084418792
18047,32.427673569763165
18048,67.66921254956563
18049,75.24741612010536
18050,64.94864206564914
18051,55.160673448674466
18052,39.04557619585051
18053,65.60886050066568
18054,71.14086105866195
18055,89.56620236004022
18056,76.51437880838898
18057,68.41574391652
18058,58.66439385162298
18059,47.57340553788874
18060,35.64317396670126
18061,84.65101760245894
18062,34.36855873060835
18063,51.46906903484256
18064,53.75187801649906
18065,54.162880572231245
18066,62.343205454432876
18067,36.33897038390614
18068,57.47412419062067
18069,73.57500368856194
18070,41.591845784741714
18071,37.90688049854276
18072,68.63874173267946
18073,77.72213436298857
18074,74.8843264455808
18075,43.09825425032791
18076,45.73864625915236
18077,35.143897364288286
18078,79.35663445696818
18079,56.80446785146731
18080,47.07041060473959
18081,31.249744777863558
18082,38.55714474368294
18083,69.10395884871168
18084,37.352460689056954
18085,64.45949484123429
18086,75.72855906183979
18087,75.78264910001647
18088,30.473771273947264
18089,71.62586123868965
18090,88.50708489847912
18091,70.01408197218852
18092,51.784898493457916
18093,69.59971334588884
18094,85.62864907975148
18095,89.60986870389561
18096,54.45548832652699
18097,77.18632071374171
18098,55.62492769973367
18099,36.392756477421585
18100,79.5422869919559
18101,47.096353351854546
18102,51.90021085718764
18103,73.03493885867667
18104,49.74142106169789
18105,68.40131343141644
18106,66.77963152608925
18107,43.6564613947473
18108,32.70407737809698
18109,50.34249922880451
18110,55.735999023275674
18111,40.46439976220181
18112,37.97587769217179
18113,48.46842260447048
18114,82.26984132912591
18115,70.42695277457489
18116,40.71459746827336
18117,62.70902528427176
18118,62.61798275092262
18119,41.932830667507986
18120,50.45577935938262
18121,71.56757512939302
18122,53.67540285448916
18123,76.07272055660775
18124,88.93914819498741
18125,89.91211471969237
18126,70.7247124433473
18127,84.42234326955845
18128,38.194853334181346
18129,39.63666126458202
18130,46.77300108813948
18131,35.69686544892525
18132,88.8074214222409
18133,41.857650818780584
18134,76.575709898253
18135,56.09390697623931
18136,86.24485807307076
18137,51.00527643721632
18138,67.98663804678219
18139,82.04431989226046
18140,54.52853398188657
18141,85.75329618937974
18142,83.7587960000489
18143,70.73946189528934
18144,42.537423343105345
18145,66.71664745210138
18146,62.53422902216103
18147,66.01093503333333
18148,78.07328681282317
18149,37.849459975433575
18150,71.02031123889145
18151,65.51088347000066
18152,53.63920893944301
18153,69.37730854389883
18154,60.36714301694651
18155,77.38297244790238
18156,73.22229057549737
18157,61.40009092521578
18158,31.121577746907384
18159,79.25416376970863
18160,35.38287516034797
18161,56.84503905505274
18162,84.9099090001507
18163,64.83891851209373
18164,88.62836962801761
18165,37.231029074521075
18166,52.79882378373546
18167,37.82893638252367
18168,67.34578289304864
18169,42.05312218114956
18170,74.66654966174059
18171,48.5501676816307
18172,68.29828243888363
18173,56.836734482861175
18174,77.72365815953616
18175,53.74546925854469
18176,68.84284813464758
18177,54.98888535397005
18178,85.51109357003556
18179,44.11773854968883
18180,65.97445116234888
18181,53.84834818745996
18182,62.07450050822281
18183,50.05041057880749
18184,40.558999145070985
18185,60.79643421201389
18186,68.33126452758484
18187,37.702228833880966
18188,89.71701283703393
18189,37.70387266117596
18190,61.12825332465465
18191,39.611221642209344
18192,52.858709146671366
18193,79.08173155102739
18194,73.14540292345474
18195,63.081192116984774
18196,33.42416602009258
18197,60.44747131087392
18198,47.97904060749208
18199,69.6973364216706
18200,84.25580003017558
18201,75.21108433678882
18202,83.76541707107243
18203,72.76148430546763
18204,88.17019725674187
18205,56.221281791450366
18206,71.656408616746
18207,57.65163154010338
18208,77.93261459956659
18209,46.77369618465863
18210,51.31389504359049
18211,74.00028807308999
18212,78.26547321129378
18213,36.64650686736684
18214,70.39618460758848
18215,36.916957264062056
18216,31.288080728092737
18217,85.45937015637159
18218,71.40896787942137
18219,84.69187831434024
18220,71.404229396748
18221,42.63873717465762
18222,65.60248307342034
18223,84.29184611691382
18224,64.49025610089384
18225,48.832065091673144
18226,31.709348802462465
18227,44.59988913078175
18228,85.36727756603955
18229,36.874215404265186
18230,88.51680672966782
18231,61.52199537696136
18232,51.92790169454345
18233,47.6682900073291
18234,45.31216996375064
18235,50.85995428363127
18236,48.95845461804037
18237,73.757869793898
18238,68.00062203917173
18239,51.594006589550276
18240,65.41312059395521
18241,57.937938388595434
18242,38.806314329291
18243,46.24648396418306
18244,42.98487726692048
18245,86.53700582664929
18246,82.15676354888761
18247,57.20783844443039
18248,80.21521692305846
18249,33.0494441352265
18250,34.730345714659315
18251,71.79868517448037
18252,82.82191092540674
18253,40.057743199084
18254,76.62313069484381
18255,43.865855212761076
18256,74.39677729297676
18257,53.67207439923979
18258,70.48395147839045
18259,47.87881068273121
18260,42.73601248612473
18261,51.49051896350086
18262,59.73244597939029
18263,73.3232957126962
18264,35.218507278017846
18265,62.232416202681165
18266,83.33127803801491
18267,83.39701179219695
18268,70.11587269370588
18269,49.84829104074349
18270,48.73198418196786
18271,87.69469912619877
18272,33.26867211081761
18273,37.937625092197756
18274,44.27171974654713
18275,78.78282187173457
18276,70.76568747086202
18277,89.93271148369641
18278,70.96276779371934
18279,59.8984055315687
18280,30.81517620245527
18281,31.721881096775878
18282,56.952338237893
18283,80.82515584130404
18284,40.515984917248176
18285,31.146792686531896
18286,32.0510116303086
18287,33.437209341019084
18288,68.02985072410462
18289,31.375079075083242
18290,54.36589694009632
18291,49.98327035231867
18292,70.98781256908035
18293,56.496485646280895
18294,61.93472718375752
18295,71.75816068315405
18296,57.77411253043324
18297,37.77084358679373
18298,70.25281840076279
18299,49.38634323667958
18300,38.71505196603947
18301,64.8167688203039
18302,79.16648175386311
18303,58.789728834672644
18304,61.19692531185976
18305,32.96515829338376
18306,83.54584222543909
18307,54.83433614433228
18308,36.43894292644934
18309,50.459754950328374
18310,62.25582730922941
18311,65.46387080694973
18312,62.727804589702
18313,45.77146219433803
18314,59.29100141488033
18315,73.51179353753373
18316,47.00216849345405
18317,89.39823752704862
18318,53.60701109271804
18319,72.30321187947351
18320,57.39293986927285
18321,65.56410853382812
18322,63.729342097219885
18323,43.8231617551736
18324,41.331608829572254
18325,73.99867298054829
18326,59.51212987319751
18327,84.499396819823
18328,49.21776261458737
18329,43.485562303437206
18330,88.76771712709328
18331,45.10489167036539
18332,66.99496327762262
18333,79.11916266231421
18334,56.9634757262544
18335,73.7022017122026
18336,42.92937856337148
18337,55.67934209925542
18338,72.27345076893818
18339,70.74562656188488
18340,41.83391728771352
18341,45.80438854264128
18342,86.56170131010037
18343,65.24321062364538
18344,85.91358333654878
18345,36.04435097380378
18346,45.19817808798003
18347,51.06583079316566
18348,72.85939393390287
18349,55.31433222600147
18350,82.57669957437997
18351,54.73103593252067
18352,56.35850615886136
18353,34.78282827630979
18354,54.688770535395626
18355,86.38429306401709
18356,56.08846536801587
18357,35.10967308369559
18358,76.34715822341586
18359,47.88188875679806
18360,41.32798905158494
18361,64.69846872341654
18362,32.13697237360781
18363,79.3801081416346
18364,31.960750146821702
18365,46.00813632307157
18366,58.1520760907394
18367,37.207367378655206
18368,82.15192759272914
18369,84.81204533022546
18370,45.26692064246562
18371,48.95362892362094
18372,80.0560933551684
18373,46.28143466761721
18374,81.21727570581747
18375,46.12596647187597
18376,40.8179550335493
18377,85.50529949613423
18378,88.39928933464307
18379,45.78938415204564
18380,86.15043353105602
18381,47.03537982336108
18382,56.89175457463933
18383,86.63145710276842
18384,43.144199887190204
18385,48.55802536257446
18386,67.23273337283499
18387,81.80538088672287
18388,84.66661228131892
18389,38.578857081407335
18390,79.13877311284048
18391,53.42758169967356
18392,61.34191977692614
18393,82.80427018584948
18394,70.87023286712682
18395,52.975373652792555
18396,76.5911550018645
18397,63.06217832937214
18398,37.22379420845339
18399,54.36316933337005
18400,67.05765426716735
18401,64.9616016883356
18402,68.84240894580807
18403,55.590635133915015
18404,33.5301099591996
18405,70.38411853417858
18406,36.205466636391535
18407,64.53577695865656
18408,79.96101734691817
18409,81.07272037856023
18410,61.06492083950078
18411,57.20305225056716
18412,64.2351001105618
18413,32.99100290730878
18414,32.15185552264974
18415,36.177621415825115
18416,60.645824981470035
18417,49.30558061091965
18418,89.40808414541264
18419,61.96667560099803
18420,81.7243346111478
18421,58.65821419721287
18422,82.96083683142746
18423,60.99679258159697
18424,36.58538812175211
18425,31.977028233266847
18426,40.408409970218464
18427,44.94468004297339
18428,71.2337538489135
18429,38.13897092775676
18430,73.7928741300318
18431,75.13187901430939
18432,72.80069951416509
18433,85.10583643943937
18434,44.425869303492064
18435,48.67157917747237
18436,86.35782341738897
18437,62.04960007573462
18438,62.83981850456071
18439,85.21676651252625
18440,71.94604124333561
18441,61.49001501467865
18442,70.14045177856016
18443,65.1606651598331
18444,89.60084780698261
18445,44.074727047530686
18446,40.361936987867125
18447,79.35560983470266
18448,54.64046295692455
18449,82.30488561707014
18450,50.30357290364978
18451,35.66630878305977
18452,65.57452641223841
18453,74.43393746412444
18454,78.11879277355678
18455,71.40847354637808
18456,70.62450093668858
18457,71.76824362206337
18458,82.56459329569543
18459,32.54148020683523
18460,42.82164177056048
18461,53.110501459499034
18462,62.806874206731365
18463,81.67764032672434
18464,57.90181226996406
18465,52.894053005472074
18466,48.13279914961784
18467,59.78164439942216
18468,85.50148673248722
18469,30.59474806069281
18470,84.81933546929787
18471,62.328686911788246
18472,43.69740838430607
18473,51.03266602328202
18474,87.33668977557514
18475,85.6468806973671
18476,68.67915204457249
18477,64.27134537615063
18478,49.84622599220315
18479,62.20977548420703
18480,78.68005876097622
18481,83.96762596995865
18482,58.352392036462454
18483,71.89116521735713
18484,69.91644951235203
18485,81.93612611868375
18486,52.666942188265125
18487,70.53420841430085
18488,85.42291904940862
18489,41.957715867492
18490,40.9889059403281
18491,45.480941260429894
18492,64.01722768053523
18493,30.402514695540305
18494,57.85689598322989
18495,50.25111761200084
18496,30.513461321186274
18497,59.215362250421094
18498,73.13985116947423
18499,56.32772507491145
18500,71.12474438947746
18501,38.92352422632642
18502,37.475507952366954
18503,41.88832559722749
18504,75.53994965288604
18505,84.13550695216898
18506,30.864363149781298
18507,73.63474090181698
18508,35.95608768690498
18509,49.62564620042975
18510,46.726340445218874
18511,37.13533749626993
18512,76.04041280270133
18513,88.41758635748013
18514,50.19705222565878
18515,63.38500677879033
18516,82.09315516707852
18517,57.173782264020815
18518,60.84635132865722
18519,53.54985234058259
18520,39.721553566729995
18521,66.16497149091362
18522,85.74749891245469
18523,57.68469003945723
18524,51.39336599227177
18525,89.40564824975306
18526,83.5480905227848
18527,53.40486110333887
18528,73.94750424315427
18529,70.26437400070607
18530,84.33113136629697
18531,80.48477053381532
18532,45.73539403973733
18533,76.72668722156489
18534,76.22373038125781
18535,62.156797308172536
18536,37.93352552317607
18537,56.14018672323332
18538,53.1885435996785
18539,84.91744347481875
18540,62.44818769518116
18541,76.65221541946553
18542,71.31465622700972
18543,40.326452308012165
18544,80.70158581197157
18545,41.98582695425709
18546,38.80563542481876
18547,81.86307067091477
18548,74.05149043631172
18549,89.60657261281352
18550,77.02936219051858
18551,77.67305148157305
18552,30.959797032264895
18553,69.54637408763641
18554,72.09576432300653
18555,57.941143573025286
18556,41.40673873453996
18557,30.631337157809714
18558,68.03063540343916
18559,60.35816789836757
18560,89.2202436623705
18561,35.145257300661285
18562,40.6968831483469
18563,67.8938240188682
18564,68.83087863999654
18565,40.35948794981704
18566,74.23893583948845
18567,74.94104059345543
18568,62.75104450341542
18569,37.27284122411079
18570,71.94613394692237
18571,44.62455076472194
18572,53.131355807274545
18573,66.82039631723191
18574,56.5961622864352
18575,59.3360687078617
18576,48.47119805114056
18577,73.20524899155836
18578,46.805311555584
18579,83.50459540421863
18580,50.470331852440516
18581,46.382797096738884
18582,72.87448714502139
18583,61.453725615075456
18584,47.59782722241893
18585,44.252607559936884
18586,61.04298217902229
18587,57.90317523601932
18588,37.55982376468746
18589,31.724181871292156
18590,37.39645653291381
18591,54.607982814458445
18592,82.12256717525281
18593,55.45913100535791
18594,58.46430899468109
18595,40.23161828035851
18596,57.12174908633698
18597,58.17414258256095
18598,61.03472128300932
18599,40.14309677854172
18600,30.323635312403518
18601,87.44686442737331
18602,43.45228546630187
18603,35.12141683611374
18604,43.52275787683692
18605,42.23010750822863
18606,58.73160236461723
18607,55.841687958587535
18608,72.51088568751928
18609,66.06815628748231
18610,42.80315985613733
18611,52.67239257756074
18612,85.53225221438339
18613,49.40913214385981
18614,63.214828858492396
18615,80.34591839948017
18616,54.21307228333592
18617,79.61204508307299
18618,64.98846275531055
18619,59.413382171481565
18620,43.44572334445094
18621,52.12412334184221
18622,40.44773458564772
18623,80.9387957060452
18624,49.67159493055751
18625,45.22816010788327
18626,68.58961112818852
18627,84.05435597767303
18628,86.75464474320614
18629,35.52622504527563
18630,32.843149876298035
18631,38.77424137031723
18632,39.84122311973216
18633,34.95545216566815
18634,88.72734570400894
18635,35.00532835412362
18636,31.17862847153762
18637,82.56528142877698
18638,79.41505453622723
18639,47.92435669398004
18640,51.61880133849767
18641,46.61942748036652
18642,72.57470599218192
18643,45.00432355308085
18644,67.11516666123478
18645,43.2103714851833
18646,48.628127735714756
18647,59.91788205763598
18648,41.36551745653023
18649,45.546035243708424
18650,75.14977641951099
18651,49.96035600624739
18652,31.45754504657831
18653,31.172846398909975
18654,53.011469651376515
18655,65.94796159720192
18656,80.03294354464674
18657,75.1502106877366
18658,33.999688575890104
18659,76.31114252784968
18660,34.85810737024159
18661,86.93187479922855
18662,85.16363986642803
18663,53.654414025545336
18664,84.75983149551985
18665,46.761567272848296
18666,68.60249264194556
18667,46.34757292777878
18668,31.607070253608846
18669,88.99365752333745
18670,33.63108821374711
18671,59.57985730041085
18672,31.024787531146558
18673,55.386795331762414
18674,78.89693120180041
18675,78.30212133030989
18676,86.52989931177898
18677,80.43722413107312
18678,86.09412882507897
18679,67.04842408022658
18680,40.64536709886758
18681,43.471247445445584
18682,74.83909356455237
18683,37.59317892628691
18684,40.68509837903395
18685,34.144000858428775
18686,52.08966035224872
18687,87.4892238056311
18688,86.31651781969154
18689,47.65432361499726
18690,55.10339839409772
18691,67.09698505306255
18692,81.04603043263685
18693,38.875860824021984
18694,61.01624722598969
18695,86.03378125778201
18696,65.25319864148094
18697,42.40089329279851
18698,59.73526142970337
18699,77.98429790107144
18700,45.26406608422684
18701,31.38606754296383
18702,60.678479907422805
18703,52.70805986708213
18704,48.58687413038713
18705,58.51972135767103
18706,44.47257020329407
18707,89.5561736625473
18708,72.21838647502267
18709,48.967201442868074
18710,83.40243475341228
18711,66.74534550750573
18712,35.56527052444605
18713,76.6744160521161
18714,61.69409338249078
18715,50.1002133424312
18716,84.27830321225017
18717,71.87046511249551
18718,77.4722141525931
18719,32.666664380592756
18720,38.63125690146182
18721,75.68098480696571
18722,66.18052104843771
18723,31.60822099374023
18724,31.880291852433327
18725,65.60195560426439
18726,33.2469662958283
18727,48.217764838996374
18728,83.79109611255284
18729,84.99485525483466
18730,64.22501846182863
18731,67.82971413060503
18732,38.397559921396294
18733,40.3417256160219
18734,83.8826269533991
18735,65.82908119508446
18736,63.49211813487054
18737,70.98779655830586
18738,74.56172397947569
18739,67.05747891923829
18740,34.22800154598256
18741,81.05485399519077
18742,48.029133425449686
18743,53.49467122300841
18744,60.01013183180619
18745,66.29335805499262
18746,68.9320196027368
18747,42.651697503263506
18748,44.38403735775683
18749,35.86720565739109
18750,46.065400128584386
18751,37.28436914766509
18752,44.47662635051032
18753,45.955201029473
18754,46.665581975857016
18755,66.70735727391641
18756,84.00674769710723
18757,68.99209097047864
18758,61.136122136237965
18759,53.46420789094022
18760,86.50501650943096
18761,65.0777861236756
18762,56.06867962512915
18763,49.72837969727659
18764,60.3298169563752
18765,43.46551454579617
18766,52.41490776391366
18767,45.08693802701189
18768,33.03416041571549
18769,89.31703322961064
18770,81.51323685026375
18771,83.3851144789853
18772,36.48245421119586
18773,72.0475713283617
18774,53.95469372080092
18775,55.96347778037338
18776,54.27797783872225
18777,88.12396292580493
18778,48.5780035926365
18779,51.90774641196856
18780,82.82656336079478
18781,46.54078260048675
18782,58.60136471663276
18783,33.81505429541075
18784,59.04894178109446
18785,85.58289158248006
18786,89.52816839997473
18787,38.50921697261889
18788,63.728269005085785
18789,80.57137290251572
18790,78.57484261490386
18791,73.40639148566484
18792,72.27299251915767
18793,88.70181508509701
18794,85.40015669027811
18795,48.70493875867172
18796,69.32844658842305
18797,71.19773045900337
18798,81.81935829882275
18799,51.51982930377008
18800,75.40260696111625
18801,54.151981784244384
18802,73.58406463801165
18803,78.80856366158213
18804,87.93671158352686
18805,79.20674426820787
18806,83.70880165693418
18807,69.68879508768127
18808,67.25229743020535
18809,62.81768944807172
18810,42.48879044199233
18811,87.44158186228358
18812,70.57058808273035
18813,49.91230225380852
18814,36.57204928307436
18815,65.62504441210956
18816,78.1449637234647
18817,74.19740316820906
18818,31.416507630060337
18819,50.499211895225045
18820,43.74210025335725
18821,61.67433979662427
18822,63.872928461738056
18823,61.565674443711444
18824,63.71241286510343
18825,60.43643512024097
18826,43.3779427293938
18827,60.928841274785256
18828,39.12420982463927
18829,72.78277697584504
18830,51.150293076898684
18831,47.68611110875321
18832,61.37799696435885
18833,55.972647638570535
18834,60.155313644039026
18835,52.19718642654689
18836,78.95365321194546
18837,74.04224195084475
18838,65.61513704558395
18839,62.331337300394644
18840,49.94979697063742
18841,65.35501136483701
18842,88.87039200005805
18843,69.13455067953794
18844,32.290653745307786
18845,49.66880950887643
18846,54.47534009318409
18847,54.450922050476166
18848,82.22070708090413
18849,63.630149367845824
18850,82.18530064765895
18851,46.48180518120884
18852,46.16058341069911
18853,65.0931516805044
18854,31.468249470611827
18855,35.737891648641
18856,44.445695950817644
18857,57.116793945968325
18858,30.973340177642626
18859,47.72026546419059
18860,54.998616400900005
18861,65.14506136386262
18862,55.2622753466499
18863,47.57182475676602
18864,32.441352233962064
18865,47.36660120406169
18866,82.02578386393529
18867,58.40223569790925
18868,49.14810669303027
18869,64.07376723785033
18870,30.952567182736594
18871,67.67600922047097
18872,67.22717116089399
18873,65.91514503917526
18874,67.46922357980021
18875,30.304978561575226
18876,83.62283178014692
18877,59.761581106562886
18878,32.20355168043248
18879,35.76492598866262
18880,70.17780390513417
18881,36.48827620372209
18882,47.68036221096203
18883,81.32474732872558
18884,67.230460835841
18885,66.93233852721826
18886,88.4680069714839
18887,53.8331105997798
18888,69.80809907580851
18889,31.345485634299944
18890,77.91290896529603
18891,88.94173029657776
18892,50.8585997901391
18893,62.034514120862795
18894,46.35874001384066
18895,66.06938577121684
18896,66.36826696090644
18897,89.36860390166154
18898,67.9744799640975
18899,68.97553969255013
18900,75.31209408381997
18901,52.06079935188785
18902,36.33306159185483
18903,32.760886471057674
18904,84.13910710393293
18905,52.353579260579345
18906,82.48730699689156
18907,89.66742869546573
18908,73.67704261187124
18909,53.55813438987714
18910,60.17960954010176
18911,58.71553000688961
18912,40.77369437855562
18913,84.64887685985494
18914,54.40123588931239
18915,51.48236882172006
18916,34.650642012504335
18917,54.63388051574523
18918,88.93695296883016
18919,78.53929666899114
18920,40.712250117956316
18921,75.79664221094623
18922,51.112433863808754
18923,30.376383380140112
18924,33.449999653743916
18925,33.932149273191115
18926,76.75137161199146
18927,81.35723602665874
18928,50.373742193111205
18929,65.2610950609758
18930,50.43700891653211
18931,75.48697527253107
18932,57.76207323865397
18933,39.741295670386464
18934,75.74382249443855
18935,37.26067859105545
18936,56.69000956601589
18937,43.710934516286486
18938,79.29125091471587
18939,87.0278085135059
18940,30.053542078110482
18941,34.01467136798974
18942,56.95178232511937
18943,81.96318401074053
18944,76.09153088784657
18945,50.09650200428621
18946,51.931980007965365
18947,87.92452690349319
18948,82.8994522794986
18949,42.35226340707014
18950,44.90834610803291
18951,69.9113308751331
18952,34.92096022964459
18953,60.25838552624999
18954,52.68203667751795
18955,43.55808374541736
18956,65.72689205712771
18957,75.6726899183348
18958,58.461323202588495
18959,35.51730515385428
18960,82.55143471609868
18961,52.156388629262935
18962,34.18132035509652
18963,81.14079805091912
18964,82.78852057510466
18965,50.24776662353112
18966,59.04867167463407
18967,43.22677795550224
18968,65.59597132417427
18969,86.0517476323535
18970,85.13897204463132
18971,70.79421765889572
18972,34.70830659971955
18973,69.78181904170502
18974,59.0908672651972
18975,63.166276720667874
18976,51.65704098009864
18977,84.59372904294398
18978,40.869248560792414
18979,37.430851638614435
18980,65.20774192829288
18981,68.07746261056089
18982,49.86618179431326
18983,70.2660950127405
18984,33.056781447677636
18985,35.502838669816924
18986,51.33305381879587
18987,76.81377473717643
18988,50.4336278565534
18989,35.201611669865294
18990,32.81203671802641
18991,46.922745819255404
18992,63.67612500118124
18993,52.2181714518655
18994,30.523891571952948
18995,63.96150846500071
18996,79.40297524039816
18997,75.16640591476235
18998,52.566836435547415
18999,67.02800356463536
19000,81.51215541459945
19001,44.904332486705854
19002,52.783822783392914
19003,51.02350740451911
19004,88.66632629171042
19005,60.17798894908216
19006,48.489463278607126
19007,85.89889988831254
19008,55.5017370328193
19009,48.11670112665192
19010,71.8681079043916
19011,67.78654761516867
19012,66.72502115635001
19013,59.956693441716
19014,38.13080311079928
19015,68.71803976105952
19016,60.895964675067646
19017,51.46889551049774
19018,72.02752610531594
19019,44.59226497415928
19020,72.21763358713642
19021,46.68440976980192
19022,40.50875411938157
19023,82.71746609384901
19024,75.99007962834412
19025,89.57086314499858
19026,74.00596605159107
19027,32.496666425897935
19028,54.8153483075069
19029,31.615746449555814
19030,46.45598240714969
19031,33.64365168507245
19032,38.31577416415277
19033,49.84724215386398
19034,76.04579050101674
19035,69.32721543933664
19036,44.15468168781359
19037,84.48506053205594
19038,44.65060300158874
19039,82.50182179806987
19040,34.76486129863502
19041,35.936732017067136
19042,46.94016023620699
19043,47.26935428338352
19044,42.038256162595964
19045,72.56822698218508
19046,72.38465252179739
19047,66.6504245533015
19048,50.82287738559322
19049,56.80191092836126
19050,61.94765993418863
19051,63.89438323414431
19052,62.04331529969414
19053,64.73440571501106
19054,37.13211553558485
19055,68.66915998499803
19056,56.38461429284945
19057,56.14070911272264
19058,32.0795738331162
19059,66.48156958640217
19060,80.33937469772836
19061,49.49635551660569
19062,39.434259171586035
19063,61.34848719020739
19064,57.117626235167506
19065,83.47911164793841
19066,86.87839030251432
19067,47.86000123080727
19068,66.20338900515492
19069,86.15324572852357
19070,44.65978800279993
19071,56.61040685053368
19072,55.7086581054222
19073,52.691113053840624
19074,60.53355296359443
19075,68.2487027798438
19076,76.80187500291473
19077,73.16318961907781
19078,46.379033274611366
19079,39.02917760001419
19080,30.65915999757505
19081,53.51280294246051
19082,35.45186734573949
19083,61.53769163564395
19084,49.490846415067985
19085,80.25670932409167
19086,49.89641170675851
19087,63.70705196553017
19088,42.07053835078155
19089,77.9097286945937
19090,61.23044093338711
19091,33.96839538326281
19092,83.62216632651598
19093,69.90395567095041
19094,35.29287113348284
19095,32.68478440702442
19096,34.550724084795554
19097,87.04785044732371
19098,44.737794664105905
19099,67.57925574723569
19100,38.567529047590696
19101,88.76123580972049
19102,76.0900285135705
19103,88.14262955441183
19104,63.80120208572006
19105,73.14557898118765
19106,45.57346064340457
19107,44.79172024177922
19108,36.51822643427322
19109,82.79554746491752
19110,52.70204162244303
19111,82.36172651887256
19112,60.309400291074326
19113,85.78678777475187
19114,63.58464105606666
19115,38.94702844729131
19116,84.62210167712041
19117,67.59906507375706
19118,83.97140651050853
19119,53.26266114431688
19120,69.54599928865069
19121,60.02533729412757
19122,35.97376488785233
19123,61.2062670447059
19124,37.409185616396776
19125,45.50489441404238
19126,53.19522665676009
19127,86.73418787866336
19128,85.6864064362332
19129,70.05134885086993
19130,82.11490553990691
19131,64.03882595121989
19132,55.93097863956614
19133,48.33495406460582
19134,50.1991738254149
19135,83.00713159131917
19136,50.97966839673087
19137,57.80684150548076
19138,55.05480424331215
19139,65.78952321234749
19140,84.20033753499627
19141,68.85589915983957
19142,33.363689845989825
19143,70.6290354311374
19144,63.21562661051496
19145,66.59847927682827
19146,46.9158605006199
19147,34.430129696030605
19148,60.78902230097467
19149,69.24902206716905
19150,70.36597587869738
19151,70.79360644996267
19152,65.89625523668099
19153,35.545600419325574
19154,68.23920746922084
19155,58.84879725635805
19156,53.40809408150809
19157,76.51267108916323
19158,78.2531232969278
19159,31.472984628051297
19160,75.72047456849424
19161,43.66341695326981
19162,89.29778586150724
19163,35.70061000913863
19164,33.78329272040631
19165,86.94862395261856
19166,73.20610106810378
19167,81.48550708564022
19168,31.334518815004756
19169,36.090397501807516
19170,42.19625168426318
19171,77.41571987936153
19172,45.20728071269173
19173,39.26055724198611
19174,83.88715400852925
19175,66.30214360878155
19176,40.83113298415284
19177,85.93014294538327
19178,33.27957637963618
19179,50.972007846134986
19180,83.9309925515021
19181,73.54759275981348
19182,69.32569446220154
19183,73.32785175507047
19184,44.072434943568936
19185,64.31380935322592
19186,89.56305966122116
19187,56.06060464944416
19188,62.60243414194276
19189,42.71797219863522
19190,61.90526186445264
19191,49.792060092646864
19192,38.87881764259735
19193,70.2317919248693
19194,83.529004721247
19195,31.838019321691025
19196,75.23147990369918
19197,52.432076176521534
19198,73.79841488602081
19199,85.34850573650513
19200,70.44079577458294
19201,86.0719157755234
19202,39.22947025562772
19203,50.75667314624117
19204,85.25914437926244
19205,38.760269037606705
19206,75.96808846419115
19207,72.52511656274541
19208,69.60189702483947
19209,30.527774225395056
19210,71.21029566410374
19211,63.4482609133199
19212,74.01754215981882
19213,71.41743012368218
19214,34.92334091714182
19215,51.46851004480638
19216,59.43315760688866
19217,64.45302131118302
19218,86.99865023852178
19219,36.46014623183634
19220,38.416683385592165
19221,39.96385036524884
19222,58.86574910850147
19223,41.99259988613794
19224,42.104397596655616
19225,52.878608321442904
19226,67.08369413464413
19227,84.63663237819898
19228,39.97457472994104
19229,50.07221233823879
19230,47.46401568398088
19231,74.75173051626648
19232,33.50724337407415
19233,43.23575635010597
19234,53.56744430918149
19235,64.25956762057805
19236,62.415947832950074
19237,53.21741518626742
19238,46.05218179453053
19239,49.27364596171493
19240,33.27284975109503
19241,37.328973285427494
19242,46.8272383657597
19243,79.9007468801325
19244,50.453421887239735
19245,47.69379414465848
19246,39.877403778887256
19247,80.30806302724179
19248,42.16811231765176
19249,47.680503744162905
19250,70.14075171281465
19251,66.08448323585884
19252,81.91756693333915
19253,69.49735646699523
19254,32.30038999093494
19255,77.95519678390616
19256,77.39462223158318
19257,58.10729337685518
19258,67.63474148958343
19259,55.7238562264599
19260,82.79142785953067
19261,49.096027784823036
19262,68.58631854494453
19263,48.85887871647483
19264,46.185346563648835
19265,85.1061388679921
19266,33.24113546734884
19267,68.08478974994549
19268,59.73692013374233
19269,35.89441260297438
19270,37.43247859433457
19271,44.54953483536937
19272,70.09049837875125
19273,70.31774569030235
19274,38.22483148896367
19275,84.72542847698969
19276,88.87202927219275
19277,89.08054124289012
19278,36.79753820467078
19279,54.62647090512296
19280,57.032110166705145
19281,63.432011084180296
19282,87.90624261051022
19283,69.22663789552091
19284,79.28504351062853
19285,54.70793043391575
19286,36.93266226576631
19287,34.180942528548144
19288,87.05226244861962
19289,69.59934282577458
19290,40.107104741320796
19291,46.141830250315195
19292,54.87774064929183
19293,83.67193705874747
19294,42.320925046579916
19295,41.427373866950475
19296,42.58635444012379
19297,71.76300234814295
19298,69.4222660244844
19299,67.3257668363391
19300,37.5533784978775
19301,71.2347881084193
19302,72.41269572321747
19303,46.24167481384694
19304,81.12186533783002
19305,77.26261683024343
19306,51.480488101890366
19307,31.30401003640342
19308,54.10501832251721
19309,83.12275440808814
19310,57.68465213739761
19311,55.93963914865863
19312,79.99114007387399
19313,68.13331234178978
19314,82.83249543893685
19315,43.96578592385181
19316,34.336336392966714
19317,72.29819503789484
19318,64.30263161741024
19319,32.272709170531385
19320,83.44345590221573
19321,84.18018179612812
19322,77.60224123980834
19323,66.94007692505488
19324,88.47040872142126
19325,51.661476567931075
19326,66.81250805412401
19327,67.22932985107516
19328,56.33584743706978
19329,31.082196034490387
19330,39.766117591421505
19331,68.18350748522181
19332,87.69558852307465
19333,55.54681632478061
19334,62.74294595940759
19335,44.00898004509983
19336,41.07331643192359
19337,62.96202950752612
19338,59.16105213221502
19339,77.8046754849308
19340,38.41965573780716
19341,32.403990812183174
19342,45.35727175231345
19343,46.32150673884838
19344,37.65537173956008
19345,45.35744403321327
19346,37.651698286029784
19347,43.407228168162455
19348,63.94485921176826
19349,74.40250732460291
19350,73.67086906607814
19351,62.69751966709062
19352,74.71071338674153
19353,80.53582115128174
19354,74.98612266075591
19355,47.730572592580394
19356,31.847141751193814
19357,53.31840830812424
19358,86.74242895593025
19359,89.50508268965318
19360,46.48665014437834
19361,71.11773877619925
19362,56.04302776836552
19363,51.68278288873417
19364,54.74762176693477
19365,32.729136151217936
19366,47.14607515697477
19367,85.33184092760182
19368,33.62339316737598
19369,82.06736465558717
19370,37.13039230870577
19371,51.60087344807526
19372,47.11674723899989
19373,83.19942005453726
19374,81.28883408618248
19375,73.67786041304038
19376,83.16439814411633
19377,69.09154890201123
19378,83.61212732857524
19379,70.83408647243209
19380,47.667381418935264
19381,64.9947018709683
19382,72.41312776556893
19383,70.18425187499702
19384,67.78719844968847
19385,78.03373398881698
19386,82.19832560808754
19387,49.653426846888316
19388,44.141622984406474
19389,43.39129898955588
19390,79.6962617395617
19391,33.6008291865376
19392,47.89868608885273
19393,42.42313557770855
19394,52.23141944990448
19395,61.93673996814434
19396,53.634175609996575
19397,46.19153814869932
19398,84.26684882430337
19399,60.084341638056955
19400,65.61620608776455
19401,36.619819938838056
19402,41.68270861444433
19403,73.09156709692596
19404,37.18272311003063
19405,71.67894494317521
19406,49.01538539816541
19407,54.34795880518412
19408,88.85066027108863
19409,61.52121586714499
19410,79.8851375821346
19411,69.074845039287
19412,84.98805623333556
19413,39.592865473217
19414,62.40328588029746
19415,32.94401942078988
19416,82.70221385592413
19417,40.100590873312164
19418,40.962168668837556
19419,74.80283156678247
19420,71.06231663652997
19421,83.4096392657691
19422,68.92792808378731
19423,81.57551880734047
19424,53.30897397837812
19425,85.73412664965358
19426,54.49544371864398
19427,80.70159802805424
19428,76.55461318561228
19429,67.12371685182919
19430,81.72577186168013
19431,60.20359968216848
19432,77.30072956881281
19433,30.87276694896173
19434,80.01790833170577
19435,56.92279608590428
19436,38.009120202934895
19437,83.05869171279474
19438,55.5375823630518
19439,33.23395195502899
19440,61.12259233449924
19441,42.10974673926344
19442,82.02214575127422
19443,42.93509157118221
19444,49.7688737184332
19445,42.796819770858335
19446,55.33811579975588
19447,77.66286782686754
19448,58.95292465524171
19449,72.54288530750557
19450,74.39968630727907
19451,46.66203897030513
19452,50.93636794195693
19453,60.24712789153481
19454,68.02868969108013
19455,75.3742613739556
19456,75.2305330129665
19457,43.335044520653696
19458,34.37204714878995
19459,73.3190825748758
19460,38.10471813629032
19461,31.708066310652434
19462,60.45347988294909
19463,70.99505040600485
19464,50.88670230654329
19465,45.394425556706366
19466,62.28480510025396
19467,53.21279741143094
19468,62.90783829168396
19469,77.34535278337023
19470,66.33529708471204
19471,63.618272114487674
19472,42.37158522232623
19473,50.44491484618386
19474,76.98981439234663
19475,56.70407054646064
19476,79.27135226621866
19477,71.22534899250377
19478,81.58916706365548
19479,64.61346701223745
19480,77.57041265417996
19481,61.360310539527134
19482,41.06474383188798
19483,85.17480375576407
19484,69.3538936968137
19485,56.42739313178029
19486,32.82608594357704
19487,42.437292925355855
19488,81.34160921615832
19489,37.53248487276664
19490,57.78767997204477
19491,59.55695427147519
19492,33.53417094319333
19493,71.55376326160456
19494,41.31072509336758
19495,63.25490750843035
19496,31.997597432001818
19497,36.40246925071185
19498,85.68651162526952
19499,63.134343578551146
19500,48.846579340295136
19501,73.68479615692672
19502,64.52292053320782
19503,45.18122877923313
19504,57.36462652992702
19505,44.30744109695771
19506,84.8887118935249
19507,77.298721182983
19508,83.54465869006142
19509,40.10538885860882
19510,87.36708034918124
19511,33.02399602183186
19512,32.61916843079405
19513,82.02212544339673
19514,62.02112335907341
19515,85.03624606020173
19516,34.191014850764496
19517,31.55656688669291
19518,72.20929798671605
19519,83.07856067683093
19520,42.4760445404807
19521,70.01225698494922
19522,41.5901364836692
19523,88.21786443063581
19524,56.295017658155245
19525,51.785919867483045
19526,52.455976386891855
19527,84.23583676417607
19528,70.9865242449179
19529,40.403452354614885
19530,61.130838335143125
19531,65.77914318145693
19532,80.67541938237586
19533,61.57495290531665
19534,36.66697343411283
19535,58.53400024109938
19536,44.62516048301386
19537,37.91695075741678
19538,89.35925984073891
19539,63.39510578655457
19540,41.6676020731832
19541,53.63977065353403
19542,72.11314184797746
19543,79.07192359467042
19544,40.172212260664324
19545,41.6777731649276
19546,53.61690189104322
19547,49.04422913978755
19548,81.58132681182803
19549,79.9602202200168
19550,70.97679655368692
19551,42.66551475098835
19552,79.39342894907978
19553,38.645208825110345
19554,72.52386286925521
19555,71.45883274841296
19556,38.53304525466324
19557,49.24477110118012
19558,51.20868256547274
19559,81.5110288404644
19560,30.08108515113774
19561,86.87829114143963
19562,74.75629345208208
19563,31.819160500888838
19564,75.60153611995548
19565,42.36879765966304
19566,82.948654222144
19567,70.59352923306503
19568,88.46132206712406
19569,38.55525149158473
19570,69.30728190560814
19571,36.01195789791128
19572,77.35125218929662
19573,65.3207590212931
19574,34.715560056042
19575,66.36298683514025
19576,43.34773559087804
19577,37.30864683142177
19578,50.276059902913985
19579,37.750833740662266
19580,38.07458374635387
19581,43.59575493838672
19582,54.2501329413427
19583,88.56803058055287
19584,50.839757483435676
19585,86.30045336785986
19586,59.30216676853344
19587,81.58508036388581
19588,51.575863658020964
19589,60.55266674117381
19590,41.09776154545296
19591,52.94770582576376
19592,43.934756604446314
19593,61.89352429080232
19594,59.01751206311348
19595,63.48491875666558
19596,87.43327217971071
19597,38.09028221032423
19598,35.06079526942618
19599,82.29972762389137
19600,52.80004548969203
19601,51.15394466569714
19602,75.93776379966795
19603,88.36158853472905
19604,68.33710278844214
19605,62.91153406923187
19606,79.00834215471647
19607,35.52318264736242
19608,67.02176320822194
19609,86.19230320579314
19610,40.09949733088935
19611,53.255052511952584
19612,83.38767881988898
19613,34.786850027250715
19614,86.61801952960411
19615,60.71717837281891
19616,82.93299434717167
19617,50.227885589918635
19618,80.51484836506359
19619,81.81598173038883
19620,59.32306310273431
19621,61.66286182438583
19622,52.47551744802964
19623,39.85340935228703
19624,53.83258740648883
19625,41.600380133946985
19626,86.88501674291928
19627,80.04245103340783
19628,72.20006817251044
19629,77.53290594778491
19630,68.82368920813232
19631,71.12377724518689
19632,55.57634441200962
19633,56.44623309206328
19634,64.79895243282917
19635,62.56476719632369
19636,54.209379002231245
19637,84.54668761753184
19638,41.37685866848748
19639,87.19228202723843
19640,63.55177827764102
19641,83.5657850497141
19642,54.778834239186224
19643,71.46664307849105
19644,46.71086547921941
19645,67.02406932834411
19646,42.9569380233736
19647,63.21980829186053
19648,35.59523436792507
19649,37.67741354746222
19650,69.96930940793037
19651,79.72762470122873
19652,69.79680130514734
19653,36.06774068744856
19654,79.14485404170446
19655,66.39637762483397
19656,89.92253979344838
19657,32.187339526684006
19658,61.43994049034838
19659,80.52880958763512
19660,50.85577479279792
19661,34.1169805071812
19662,48.53337140210077
19663,89.82114943716155
19664,60.55754013930499
19665,57.81650056959596
19666,55.9389441938372
19667,76.04305070658577
19668,60.0835515262867
19669,30.552291619001053
19670,83.34812861861491
19671,40.26442765482483
19672,55.59715958452308
19673,63.21906425613925
19674,35.190650253217306
19675,31.0487342576747
19676,31.036671765915507
19677,72.48374354349139
19678,84.77875855518411
19679,36.28148384922072
19680,53.281604834245826
19681,34.46277458643108
19682,49.85189413608451
19683,43.86263938648223
19684,60.288456265644186
19685,76.39496001056538
19686,37.10627248224501
19687,86.72317955685288
19688,31.283045555590746
19689,39.5575474667464
19690,43.685862651861164
19691,50.87917915819246
19692,57.87898963748485
19693,48.1769987274203
19694,86.35625608637329
19695,68.01251344744833
19696,42.98936263290093
19697,40.81315369881885
19698,66.89207015069431
19699,80.88132808650764
19700,59.63601863452171
19701,61.95367573051779
19702,68.51583881529461
19703,64.26279261092718
19704,35.60750785498242
19705,32.80858569098095
19706,84.63741246969141
19707,85.13449022562651
19708,79.75881765115668
19709,71.03923595247241
19710,75.57154177430198
19711,68.16022920883937
19712,49.1940567790668
19713,72.27181732457515
19714,67.33775925007659
19715,44.90362208424894
19716,79.59434341534006
19717,67.02985638967817
19718,56.00388837633287
19719,40.601929203455356
19720,31.461395592746506
19721,56.59968709923068
19722,46.706914498024574
19723,35.366489636782525
19724,86.44930957101779
19725,85.42530801815923
19726,69.52448014622172
19727,39.45360801931996
19728,33.24601719110869
19729,77.39701832703929
19730,49.44443832582692
19731,34.49004184202647
19732,34.51580348197604
19733,57.20245764413024
19734,53.927116813866014
19735,65.38214002631585
19736,72.7068055018303
19737,37.02873577381556
19738,70.75130616554138
19739,35.428079923407125
19740,57.38936700656403
19741,87.32263477828133
19742,41.0297779654035
19743,57.56111583721593
19744,69.30145503416796
19745,56.1672141546036
19746,70.08438547183638
19747,55.371401702515975
19748,66.4386782544085
19749,41.03308617317015
19750,35.60434065043991
19751,86.69244392165501
19752,43.95346960009375
19753,51.859585770274585
19754,46.62216938881549
19755,76.67002553141806
19756,31.549451631291316
19757,46.773765788692764
19758,69.1993944437836
19759,37.775941385220385
19760,71.7881383597128
19761,49.55696373537066
19762,69.2413141727273
19763,89.75475702398516
19764,71.79500253431071
19765,49.995400116494224
19766,84.38480635833551
19767,71.35210613196847
19768,75.28547975110888
19769,52.34849916540546
19770,87.56472989496979
19771,80.02841711668644
19772,47.46089181053226
19773,87.41616272518334
19774,55.43194612570653
19775,66.40854895397001
19776,61.699394245418404
19777,81.09613793636476
19778,71.80033253138652
19779,86.28331987878713
19780,35.37215371474019
19781,61.235487211627934
19782,78.57096707542115
19783,59.965869089088685
19784,38.211259910508744
19785,71.86370494460971
19786,68.92318674765691
19787,56.05823621802131
19788,50.23266024421315
19789,55.35264111203156
19790,42.957887195632544
19791,74.19217639097661
19792,37.62570822931772
19793,68.32003526497964
19794,64.02559069010488
19795,39.447470043670826
19796,75.1327657417024
19797,47.219906406918305
19798,48.3158439022704
19799,88.67498465436952
19800,37.9441585827323
19801,81.77652273188758
19802,31.492500701650275
19803,69.63886726797634
19804,81.29627173685469
19805,42.21110854990999
19806,63.62174836678959
19807,57.78710770738681
19808,74.1342604590183
19809,45.91321807241631
19810,79.43630447530032
19811,49.8309925056054
19812,81.1182624284929
19813,69.04538758705272
19814,50.967911588136076
19815,85.50996234476779
19816,60.41939261849174
19817,34.628277632361645
19818,60.53811615178816
19819,30.241525692564306
19820,70.223069104378
19821,77.95216918033046
19822,73.44853600124618
19823,66.33033183042825
19824,46.83720339282444
19825,45.94977556797356
19826,34.68123664277734
19827,85.75649056811258
19828,32.335164903087886
19829,55.83058558548676
19830,59.69667561007451
19831,55.50872831569205
19832,72.71134700102927
19833,78.33560099285269
19834,75.84224283140011
19835,59.92579074342572
19836,57.66712573754688
19837,39.51182621737775
19838,76.75214744543759
19839,45.958559128986195
19840,36.815989269117644
19841,70.15645391912919
19842,69.02492392886239
19843,41.90240398908743
19844,59.65591063312872
19845,76.22260956346126
19846,75.31847797706797
19847,67.30305860470276
19848,48.41883815296567
19849,46.874416598307924
19850,52.08271927415056
19851,35.2035691384818
19852,72.53451220321799
19853,42.32815288272516
19854,60.1351279221214
19855,73.78564403571212
19856,76.44391536910705
19857,51.92188067685571
19858,73.50138263639404
19859,75.48834347204709
19860,54.42390046425718
19861,79.71375971025977
19862,82.26245622649532
19863,65.14093948621823
19864,72.28827341433667
19865,46.50550907197293
19866,88.52905081638988
19867,77.4927981269346
19868,76.34959062918978
19869,60.08548704379504
19870,67.07681617500253
19871,54.256232600446424
19872,70.91519726768632
19873,38.816643779919474
19874,42.92075828570773
19875,54.406138065228475
19876,30.20272521404811
19877,53.690329254289374
19878,76.70903510786609
19879,69.64880174720918
19880,73.3839006502252
19881,56.08062518730046
19882,63.50973163490657
19883,55.306629095120456
19884,69.34637159080265
19885,56.804820599205684
19886,85.81335718926414
19887,38.85672518363119
19888,60.999302652772045
19889,55.56443560366232
19890,69.8439866586543
19891,48.92141247188729
19892,58.79407453464053
19893,52.90031081662789
19894,56.955265841265636
19895,39.91769061197452
19896,61.20564846293993
19897,85.39884384785145
19898,58.49465544791397
19899,53.401442389775205
19900,75.92967757513124
19901,53.590518239145794
19902,69.665664040929
19903,88.2178961606821
19904,62.1649141595973
19905,88.66245566252789
19906,53.37909184561266
19907,76.71923895723589
19908,79.21745003478176
19909,59.18728316281323
19910,64.06215307616691
19911,57.370983456982955
19912,45.79384729484201
19913,61.01157702034778
19914,88.66775343337103
19915,39.696112138699156
19916,49.02757436982872
19917,30.183096170762113
19918,77.02781670682853
19919,79.95944674814399
19920,71.99432726010929
19921,75.09999348067487
19922,63.13360608611452
19923,66.47546734950518
19924,60.35168156905788
19925,37.166030870759656
19926,60.9403854209601
19927,49.807725051092305
19928,86.90299259172413
19929,63.076438983723705
19930,65.17304737845294
19931,41.1092237142165
19932,68.193548911852
19933,77.05889248319946
19934,80.00642776645213
19935,86.28803185643622
19936,73.65851462164073
19937,55.662373974207895
19938,61.06906762363495
19939,86.30875830261346
19940,88.87845921062258
19941,81.0422134340783
19942,64.40807379186171
19943,61.142613849751626
19944,86.42064369825121
19945,76.82795817826477
19946,65.19657500014003
19947,88.31802840015027
19948,30.698480830651132
19949,54.18102583391733
19950,53.15884466956839
19951,83.87978552336538
19952,55.652704582242734
19953,72.07451502001251
19954,42.76348176116237
19955,52.11931185988283
19956,50.17404208898307
19957,52.820238724980086
19958,34.77393349306176
19959,38.86982286904294
19960,61.77563511563807
19961,60.355930549044984
19962,32.292951146170324
19963,37.11588573190232
19964,66.75798098723716
19965,70.38629498738517
19966,83.3544967445498
19967,87.80744657933673
19968,51.06987493106395
19969,67.46767021028141
19970,72.28745911230078
19971,59.96059536913667
19972,39.53683814864001
19973,75.85859963723371
19974,60.75636123127603
19975,64.56209745299327
19976,83.91473362604623
19977,84.40694065756956
19978,45.15184541238637
19979,56.392429931370856
19980,78.73717813295133
19981,35.096257816380685
19982,44.835864109604785
19983,70.46855340620992
19984,65.64941277936845
19985,47.17563895409915
19986,57.34403904056817
19987,85.43729129683263
19988,52.60605970072469
19989,87.36370176277195
19990,63.05554230584006
19991,65.5354421071782
19992,76.31783075494491
19993,89.91817711302045
19994,68.70752904944648
19995,74.475733388364
19996,75.02226807273307
19997,75.19646082468131
19998,59.76450246355298
19999,74.71547316698101
20000,56.73033132769051
